(0.25 0.95 -0.25) (0.25 0.45 -0.25) (-0.25 0.45 -0.25) (0.7 0.7 0.7) (0 0 0)
(0.25 0.95 -0.25) (-0.25 0.45 -0.25) (-0.25 0.95 -0.25) (0.7 0.7 0.7) (0 0 0)
(-0.25 0.45 0.25) (-0.25 0.95 0.25) (-0.25 0.95 -0.25) (0.7 0.7 0.7) (0 0 0)
(-0.25 0.45 0.25) (-0.25 0.95 -0.25) (-0.25 0.45 -0.25) (0.7 0.7 0.7) (0 0 0)
(0.25 0.45 0.25) (0.25 0.95 0.25) (-0.25 0.45 0.25) (0.7 0.7 0.7) (0 0 0)
(0.25 0.95 0.25) (-0.25 0.95 0.25) (-0.25 0.45 0.25) (0.7 0.7 0.7) (0 0 0)
(0.25 0.45 -0.25) (0.25 0.95 -0.25) (0.25 0.45 0.25) (0.7 0.7 0.7) (0 0 0)
(0.25 0.95 -0.25) (0.25 0.95 0.25) (0.25 0.45 0.25) (0.7 0.7 0.7) (0 0 0)
(0.25 0.95 -0.25) (-0.25 0.95 -0.25) (0.25 0.95 0.25) (0.7 0.7 0.7) (0 0 0)
(-0.25 0.95 -0.25) (-0.25 0.95 0.25) (0.25 0.95 0.25) (0.7 0.7 0.7) (0 0 0)
(0.25 0.45 -0.25) (0.25 0.45 0.25) (-0.25 0.45 0.25) (0.7 0.7 0.7) (0 0 0)
(0.25 0.45 -0.25) (-0.25 0.45 0.25) (-0.25 0.45 -0.25) (0.7 0.7 0.7) (0 0 0)
